953
959
967
971
973
975
978
0
2021
2
3
15
5
6
17
8
9
13
11
12
53
14
63
96
16
19
20
93
22
23
47
25
21
85
27
28
112
30
31
103
33
34
79
36
37
1030
39
40
38
42
43
82
101
45
48
32
50
51
1
105
54
56
58
59
69
57
62
84
64
120
66
67
109
68
81
52
70
106
72
4
73
74
55
46
77
99
80
10
104
76
24
41
44
18
87
78
88
115
86
89
7
91
71
90
100
98
75
123
102
108
83
61
107
122
111
65
113
49
125
117
95
116
94
60
118
26
119
121
92
29
124
97
334
615
336
335
338
339
337
341
340
343
345
607
347
346
359
368
367
369
370
1003
371
372
379
477
426
492
496
493
504
497
998
517
518
519
520
446
548
2023
550
551
554
553
549
611
344
565
567
342
568
572
570
571
584
581
573
574
575
578
577
580
579
598
582
583
585
601
596
597
599
602
569
604
605
576
608
606
609
610
612
613
614
617
616
618
654
740
694
741
743
768
744
776
831
830
832
600
835
834
846
833
870
866
847
850
991
852
853
566
855
857
858
864
872
868
867
873
871
869
874
876
875
886
893
887
888
890
994
894
895
913
961
915
914
917
926
929
928
955
958
952
960
966
970
969
972
856
974
976
1004
977
965
980
982
983
981
985
984
986
987
989
988
997
990
996
1027
1000
999
927
1001
1002
1005
110
1006
1007
1009
114
1008
1010
1011
35
1012
877
916
884
1016
1014
1015
1017
1018
1020
968
1021
1023
1019
1024
1025
1022
1026
854
603
865
1029
1028
1031
1032
1033
1034
1013
1035
1036
1037
2031
2032
2027
2025
2026
2345
2356
2364
2369
2666
2669
2670
2202
2204
2037
2035
2594
2040
2197
2039
2043
2194
2041
2046
2122
2049
2192
2501
2052
2053
2055
2054
2595
2474
2058
2596
2056
2060
2067
2597
2063
2598
2062
2066
2086
2072
2071
2081
2608
2611
2114
2451
2112
2117
2612
2064
2119
2613
2614
2120
2124
2042
2123
2615
2616
2125
2059
2128
2133
2151
2131
2617
2155
2134
2618
2149
2136
2146
2138
2619
2620
2141
2621
2144
2148
2147
2142
2327
2150
2622
2623
2153
2624
2156
2440
2625
2158
2626
2161
2160
2164
2163
2167
2627
2170
2152
2173
2130
2171
2176
2137
2174
2179
2140
2183
2182
2145
2177
2185
2628
2139
2188
2205
2191
2190
2187
2193
2057
2629
2196
2195
2630
2199
2631
2201
2200
2230
2208
2203
2632
2186
2206
2211
2209
2633
2212
2634
2224
2215
2214
2210
2218
2635
2636
2219
2637
2222
2225
2638
2228
2639
2231
2226
2233
2640
2242
2235
2162
2238
2237
2165
2241
2245
2249
2244
2247
2641
2246
2407
2642
2248
2643
2277
2251
2262
2126
2254
2644
2645
2257
2260
2259
2263
2646
2250
2266
2269
2278
2647
2271
2268
2274
2280
2648
2276
2275
2649
2279
2272
2396
2282
2650
2285
2283
2288
2291
2459
2299
2294
2298
2651
2297
2652
2443
2300
2281
2653
2302
2157
2304
2458
2303
2306
2655
2526
2312
2384
2310
2314
2284
2507
2317
2322
2593
2320
2143
2324
2323
2223
2326
2468
2305
2328
2339
2658
2343
2348
2338
2346
2659
2342
2349
2660
2351
2663
2344
2357
2350
2360
2664
2367
2362
2355
2365
2372
2541
2368
2665
2366
2370
2417
2255
2373
2375
2667
2668
2378
2352
2380
2379
2382
2671
2385
2388
2672
2390
2673
2387
2392
2674
2399
2394
2397
2403
2420
2400
2395
2273
2402
2675
2410
2405
2401
2408
2438
2676
2409
2413
2412
2449
2414
2353
2677
2416
2477
2418
2091
2422
2421
2678
2393
2423
2427
2079
2591
2428
2419
2404
2430
2429
2411
2431
2442
2681
2448
2439
2682
2441
2452
2444
2172
2555
2447
2683
2118
2450
2453
2685
2460
2686
2175
2462
2463
2466
2469
2472
2483
2471
2475
2473
2478
2687
2480
2482
2481
2488
2047
2486
2499
2121
2489
2178
2492
2558
2494
2553
2127
2497
2496
2500
2181
2688
2503
2287
2315
2506
2289
2313
2509
2514
2689
2511
2510
2690
2513
2311
2691
2515
2243
2518
2234
2516
2520
2692
2523
2527
2525
2358
2693
2528
2531
2530
2535
2534
2537
2543
2536
2694
2695
2538
2540
2256
2696
2542
2546
2261
2545
2547
2533
2544
2549
2184
2551
2586
2253
2554
2168
2697
2557
2189
2050
2560
2264
2564
2563
2270
2570
2566
2698
2529
2569
2286
2699
2572
2504
2575
2512
2577
2517
2561
2580
2519
2582
2532
2700
2584
2548
2587
2592
2325
2036
2038
2044
2045
2048
2051
2065
2068
2070
2076
2085
2103
2115
2116
2129
2132
2135
2154
2159
2166
2169
2180
2198
2207
2213
2216
2217
2227
2229
2232
2236
2239
2240
2252
2258
2265
2267
2290
2292
2293
2301
2316
2318
2319
2321
2337
2347
2359
2361
2363
2371
2374
2376
2377
2381
2383
2386
2389
2391
2398
2406
2415
2426
2445
2446
2461
2470
2476
2479
2484
2485
2487
2490
2491
2493
2495
2498
2502
2505
2508
2521
2522
2524
2539
2550
2552
2556
2559
2562
2565
2567
2568
2571
2573
2574
2576
2578
2579
2581
2583
2585
